0.11236666666666667
0.11236666666666667
0.11236666666666667
0.11236666666666667
0.24283333333333335
0.4252666666666667
0.6566166666666666
0.76355
0.79685
0.81765
0.8362666666666667
0.8504333333333334
0.86105
0.8714333333333333
0.8791
0.8872833333333333
0.8949833333333334
0.8998333333333334
0.9035
0.9081
0.9113833333333333
0.9133166666666667
0.9166
0.919
0.9219666666666667
0.9236
0.9262333333333334
0.9290166666666667
0.9307833333333333
0.9329
0.9346666666666666
0.9373
0.9391
0.9395
0.9419
0.9439666666666666
0.9458666666666666
0.9465
0.9486833333333333
0.9501166666666667
0.9512333333333334
0.9524166666666667
0.9536333333333333
0.9547333333333333
0.9557833333333333
0.9554
0.9575666666666667
0.9589666666666666
0.9597
0.9603166666666667
0.9615833333333333
0.9622166666666667
0.96225
0.9632
0.9636666666666667
0.964
0.9643166666666667
0.96535
0.9664
0.9664833333333334
0.9671
0.9676333333333333
0.9680333333333333
0.9686833333333333
0.9690166666666666
0.9697
0.9703666666666667
0.9698666666666667
0.97105
0.97175
0.9718833333333333
0.9722333333333333
0.9729333333333333
0.9734166666666667
0.9734
0.9736833333333333
0.9744
0.9743166666666667
0.9747666666666667
0.9754666666666667
0.9759833333333333
0.9763666666666667
0.97595
0.9767
0.9772
0.9772166666666666
0.97745
0.9777833333333333
0.9775333333333334
0.9779
0.9783166666666666
0.9787
0.9790166666666666
0.97915
0.9799
0.9796666666666667
0.9800666666666666
0.9799
0.9801666666666666
0.9804666666666667
0.9807666666666667
0.9805666666666667
0.9810666666666666
0.9814666666666667
0.9812
0.98185
0.9820666666666666
0.9816833333333334
0.9819833333333333
0.9828166666666667
0.9829666666666667
0.9829333333333333
0.9830666666666666
0.9830166666666666
0.9835166666666667
0.9835666666666667
0.9841666666666666
0.9833833333333334
0.9842333333333333
0.98425
0.9845
0.9843
0.985
0.98515
0.98495
0.98435
0.9851166666666666
0.98545
0.9858
0.9859666666666667
0.9862
0.9863833333333333
0.9862833333333333
0.98605
0.987
0.9872833333333333
0.9873666666666666
0.98755
0.98785
0.98785
0.9877666666666667
0.98815
0.9878
0.9884333333333334
0.9886166666666667
0.9887333333333334
0.9887333333333334
0.9883333333333333
0.98905
0.9897166666666667
0.9892833333333333
0.9893666666666666
0.9895
0.98985
0.9897333333333334
0.9897333333333334
0.9899
0.9902
0.9905833333333334
0.9899333333333333
0.9909
0.9905333333333334
0.9902666666666666
0.9906333333333334
0.9908666666666667
0.9911833333333333
0.9909333333333333
0.9915333333333334
0.99175
0.9916
0.99175
0.9917666666666667
0.9920166666666667
0.9921833333333333
0.9921
0.9920833333333333
0.99235
0.9927333333333334
0.99275
0.9924833333333334
0.9929166666666667
0.9931
0.9929666666666667
0.9928333333333333
0.9927666666666667
0.9933333333333333
0.9936
0.9934
0.9932333333333333
0.9935666666666667
0.9935333333333334
0.9937166666666667
0.9945
0.9940333333333333
0.9942
0.9942166666666666
0.9940833333333333
0.99425
0.9944666666666667
0.9945333333333334
0.9946333333333334
0.9947666666666667
0.9946666666666667
0.9945666666666667
0.9946833333333334
0.9948333333333333
0.9951
0.9951
0.9953166666666666
0.9951
0.9952833333333333
0.99555
0.99525
0.9953
0.9953166666666666
0.9954166666666666
0.9959833333333333
0.9957333333333334
0.9955
0.9959333333333333
0.9957666666666667
0.99615
0.99625
0.9962833333333333
0.9962833333333333
0.9961833333333333
0.9964166666666666
0.99655
0.9963
0.99655
0.9964833333333334
0.9964833333333334
0.9967333333333334
0.9964333333333333
0.99675
0.9964166666666666
0.9965
0.997
0.9971666666666666
0.9972
0.99705
0.9970833333333333
0.9971666666666666
0.9972666666666666
0.99725
0.9971666666666666
0.9971333333333333
0.9974333333333333
0.9974666666666666
0.99735
0.9974666666666666
0.9976333333333334
0.9975833333333334
0.9976666666666667
0.99775
0.99765
0.9978333333333333
0.9977333333333334
0.9977666666666667
0.9978333333333333
0.998
0.99805
0.9981833333333333
0.9980666666666667
0.9979833333333333
0.9981666666666666
0.9981166666666667
0.9978833333333333
0.9981166666666667
0.99825
0.9980666666666667
0.9983833333333333
0.99835
0.9980333333333333
0.9985333333333334
0.9983833333333333
0.99835
0.9985166666666667
0.99855
0.9984166666666666
0.9984166666666666
0.9985333333333334
0.9987
0.9985333333333334
0.9986
0.9986833333333334
0.9986
0.9987333333333334
0.9988
0.99885
0.9987
0.9988333333333334
0.9988333333333334
0.9987833333333334
0.9988
0.99885
0.9989333333333333
0.9988833333333333
0.9988833333333333
0.9988833333333333
0.9989166666666667
