0.1836
0.11236666666666667
0.11236666666666667
0.11236666666666667
0.13845
0.2933
0.5314333333333333
0.71665
0.7925666666666666
0.8195833333333333
0.8377666666666667
0.8527333333333333
0.86555
0.8732333333333333
0.881
0.8861333333333333
0.89025
0.8936333333333333
0.8999
0.9040166666666667
0.90705
0.91075
0.9136
0.9172
0.9203
0.9242166666666667
0.9270666666666667
0.9276333333333333
0.9323166666666667
0.935
0.9367833333333333
0.93935
0.94155
0.94315
0.945
0.9459166666666666
0.9476666666666667
0.94925
0.9505166666666667
0.95065
0.9529
0.9537333333333333
0.9553666666666667
0.95615
0.9561166666666666
0.9579166666666666
0.9589333333333333
0.9591
0.9601666666666666
0.9607833333333333
0.96205
0.9620833333333333
0.9631333333333333
0.9637166666666667
0.96485
0.9655166666666667
0.9654166666666667
0.9667166666666667
0.9669833333333333
0.9677666666666667
0.9678166666666667
0.9685333333333334
0.9689666666666666
0.9696666666666667
0.9701
0.9709
0.9713
0.9714666666666667
0.97155
0.9723
0.9729166666666667
0.9720166666666666
0.9735
0.9741
0.9740333333333333
0.97445
0.9753166666666667
0.9754166666666667
0.9755833333333334
0.9757
0.9764166666666667
0.9765833333333334
0.9766833333333333
0.9770166666666666
0.9769833333333333
0.9773666666666667
0.9780166666666666
0.9783333333333334
0.9785833333333334
0.97855
0.9786666666666667
0.97925
0.9793666666666667
0.9795333333333334
0.9801833333333333
0.98
0.98025
0.9806833333333334
0.9801666666666666
0.9800833333333333
0.98115
0.9808
0.98165
0.9819833333333333
0.9825
0.9821833333333333
0.9826
0.98285
0.9826833333333334
0.9829166666666667
0.9834666666666667
0.9842
0.98415
0.98395
0.9841666666666666
0.98415
0.9846333333333334
0.9853333333333333
0.98435
0.9849
0.9848833333333333
0.9859333333333333
0.9852166666666666
0.9859833333333333
0.9864
0.9865166666666667
0.9863
0.98635
0.9874166666666667
0.987
0.9871166666666666
0.9874166666666667
0.98755
0.9872
0.9874
0.9880166666666667
0.9878333333333333
0.98825
0.9873166666666666
0.9885833333333334
0.9886
0.9888666666666667
0.9892666666666666
0.98915
0.9893
0.9889666666666667
0.9889833333333333
0.9892166666666666
0.9897666666666667
0.9900666666666667
0.9901833333333333
0.9901333333333333
0.9905166666666667
0.9905333333333334
0.99085
0.98915
0.9913833333333333
0.99095
0.9909166666666667
0.9911333333333333
0.9915
0.9909
0.9913666666666666
0.9911833333333333
0.9918
0.9919666666666667
0.99115
0.9919
0.9918333333333333
0.99195
0.9925333333333334
0.9922166666666666
0.9925833333333334
0.99235
0.9923
0.99215
0.9928666666666667
0.9928166666666667
0.9927166666666667
0.9929
0.99335
0.9932333333333333
0.9929166666666667
0.9935333333333334
0.9938333333333333
0.99315
0.9940333333333333
0.9937166666666667
0.9943333333333333
0.9942166666666666
0.99395
0.9942333333333333
0.99415
0.994
0.9944
0.9938666666666667
0.9946166666666667
0.99485
0.9947666666666667
0.9945833333333334
0.99505
0.9951166666666666
0.99515
0.99515
0.9951833333333333
0.9950666666666667
0.9953833333333333
0.9952333333333333
0.99435
0.9953833333333333
0.9957333333333334
0.99535
0.9959166666666667
0.9957
0.99545
0.9959166666666667
0.99595
0.9962
0.9961833333333333
0.9962333333333333
0.9965166666666667
0.9962333333333333
0.9964166666666666
0.9964166666666666
0.9965666666666667
0.9965333333333334
0.9965333333333334
0.9965166666666667
0.9968833333333333
0.9967833333333334
0.9968166666666667
0.9968166666666667
0.9969666666666667
0.9970166666666667
0.9966833333333334
0.9967666666666667
0.9972833333333333
0.9972833333333333
0.9973333333333333
0.9970166666666667
0.9973333333333333
0.9972
0.9972666666666666
0.99755
0.9975666666666667
0.9974333333333333
0.9973666666666666
0.9974
0.9973
0.9977166666666667
0.9975833333333334
0.9978333333333333
0.99795
0.99755
0.9978666666666667
0.9981166666666667
0.9978
0.9979
0.9980333333333333
0.9978
0.9980333333333333
0.9979666666666667
0.99795
0.9980833333333333
0.9979333333333333
0.99835
0.9981166666666667
0.9984166666666666
0.9984333333333333
0.99845
0.99815
0.9985833333333334
0.9984833333333333
0.99845
0.99845
0.9984666666666666
0.9985
0.9985833333333334
0.9987333333333334
0.99835
0.9987166666666667
0.9988166666666667
0.9987833333333334
0.9988333333333334
0.99895
0.99895
0.9987833333333334
0.9988833333333333
0.99905
0.99905
0.9989666666666667
0.9988833333333333
0.9989666666666667
0.9992166666666666
0.9990833333333333
0.9992
0.99875
0.9990833333333333
0.9992
0.9992166666666666
0.9992333333333333
