0.09871666666666666
0.11236666666666667
0.11236666666666667
0.1736
0.2723333333333333
0.50765
0.7079
0.7900666666666667
0.8175833333333333
0.8378833333333333
0.8528666666666667
0.8633166666666666
0.8717666666666667
0.8784166666666666
0.8845333333333333
0.8896833333333334
0.8936
0.8969833333333334
0.9031666666666667
0.90765
0.9105166666666666
0.9152
0.91825
0.92175
0.9245166666666667
0.92755
0.93065
0.9315333333333333
0.9351666666666667
0.9374
0.9396666666666667
0.9412666666666667
0.94375
0.9453166666666667
0.94675
0.9476833333333333
0.9491166666666667
0.95075
0.9517
0.9522833333333334
0.9537666666666667
0.95465
0.9556166666666667
0.95745
0.9569333333333333
0.9590833333333333
0.95945
0.9592833333333334
0.9607
0.9618166666666667
0.9627166666666667
0.9631
0.9641666666666666
0.9642333333333334
0.9660333333333333
0.9666166666666667
0.9661333333333333
0.96705
0.9681
0.9685
0.9688666666666667
0.9693333333333334
0.9700333333333333
0.9704333333333334
0.97105
0.97165
0.97205
0.97225
0.9724
0.9734333333333334
0.97385
0.9732666666666666
0.9746833333333333
0.9753166666666667
0.97525
0.9758333333333333
0.97675
0.9764
0.9768666666666667
0.97705
0.97725
0.9776666666666667
0.9779833333333333
0.9781
0.97815
0.9790333333333333
0.9795
0.9796333333333334
0.9802166666666666
0.97995
0.9801166666666666
0.9803666666666667
0.9807166666666667
0.9813333333333333
0.98075
0.9816666666666667
0.9810833333333333
0.9822166666666666
0.9821166666666666
0.9817833333333333
0.9824666666666667
0.9825666666666667
0.9827833333333333
0.9832666666666666
0.9833666666666666
0.9836666666666667
0.9839666666666667
0.9834166666666667
0.9842333333333333
0.9844333333333334
0.9848166666666667
0.9848166666666667
0.9849833333333333
0.9854666666666667
0.98465
0.98535
0.9855666666666667
0.9858333333333333
0.9852833333333333
0.9858
0.9861666666666666
0.9863
0.9863833333333333
0.9868666666666667
0.9866333333333334
0.98695
0.9870833333333333
0.9872166666666666
0.9878333333333333
0.98775
0.9877666666666667
0.9883166666666666
0.9879
0.9883833333333333
0.9883666666666666
0.9888
0.9886333333333334
0.989
0.9887333333333334
0.98955
0.9890833333333333
0.9892
0.9894
0.9895833333333334
0.9899833333333333
0.9896333333333334
0.9896666666666667
0.9899333333333333
0.9901
0.9904833333333334
0.9905333333333334
0.9907833333333333
0.991
0.9912
0.99115
0.99005
0.9915166666666667
0.9917666666666667
0.9914
0.9912333333333333
0.9914666666666667
0.9915666666666667
0.9921333333333333
0.9914333333333334
0.9921166666666666
0.9921833333333333
0.99185
0.9926333333333334
0.9922833333333333
0.9920666666666667
0.9922833333333333
0.993
0.9931166666666666
0.9932333333333333
0.9926166666666667
0.9920833333333333
0.9933833333333333
0.9935333333333334
0.9939
0.9932666666666666
0.9936833333333334
0.99305
0.9938
0.99405
0.994
0.9936166666666667
0.99425
0.9940166666666667
0.9941166666666666
0.9944333333333333
0.9946333333333334
0.9945666666666667
0.9947
0.9947
0.9948166666666667
0.9942833333333333
0.9947833333333334
0.9953166666666666
0.9953666666666666
0.9950333333333333
0.9952666666666666
0.99535
0.99525
0.9953333333333333
0.9954333333333333
0.9955
0.9957166666666667
0.9956833333333334
0.9950166666666667
0.99515
0.9957333333333334
0.9961
0.9961333333333333
0.99615
0.9959
0.9961833333333333
0.9960333333333333
0.99645
0.9966833333333334
0.9966666666666667
0.9967833333333334
0.9967333333333334
0.9965
0.9967666666666667
0.9972333333333333
0.99685
0.99685
0.9968166666666667
0.9971666666666666
0.9969166666666667
0.99705
0.9972666666666666
0.9969166666666667
0.9974166666666666
0.9974666666666666
0.9974833333333334
0.9974333333333333
0.9974166666666666
0.9977166666666667
0.99785
0.9975
0.9974666666666666
0.9976166666666667
0.99775
0.9978166666666667
0.9979166666666667
0.99795
0.9978833333333333
0.9979
0.9977666666666667
0.9980833333333333
0.9978833333333333
0.99775
0.9980666666666667
0.99815
0.9982333333333333
0.9976833333333334
0.9982333333333333
0.9984
0.998
0.9984166666666666
0.9982
0.99825
0.9982333333333333
0.99845
0.9985
0.9985333333333334
0.99855
0.9985666666666667
0.9985833333333334
0.9986333333333334
0.9987
0.9988
0.9988333333333334
0.99885
0.9987666666666667
0.9988333333333334
0.9987333333333334
0.9986166666666667
0.9987666666666667
0.9987666666666667
0.9989166666666667
0.9989833333333333
0.9990666666666667
0.9989333333333333
0.9991166666666667
0.99865
0.999
0.9990333333333333
0.999
0.99915
0.9991
0.9991333333333333
0.9992
0.9991333333333333
0.99925
0.9990166666666667
0.9992
0.9991666666666666
0.9992333333333333
0.9993666666666666
