0.0993
0.11236666666666667
0.11236666666666667
0.11236666666666667
0.11236666666666667
0.11236666666666667
0.22016666666666668
0.45916666666666667
0.6712666666666667
0.7609833333333333
0.7932333333333333
0.81365
0.82915
0.8442666666666667
0.85595
0.8694
0.87555
0.88595
0.8913333333333333
0.8957833333333334
0.8994666666666666
0.90495
0.9098166666666667
0.91265
0.9159833333333334
0.91895
0.9210166666666667
0.9242833333333333
0.92645
0.9298166666666666
0.93095
0.933
0.9353333333333333
0.9378166666666666
0.93925
0.94045
0.94245
0.9431666666666667
0.9452333333333334
0.9462166666666667
0.9478
0.9481
0.9495166666666667
0.9502166666666667
0.9517666666666666
0.9529166666666666
0.95315
0.9543
0.9551333333333333
0.9553833333333334
0.9559
0.9563333333333334
0.95835
0.9585666666666667
0.95925
0.96045
0.96045
0.9612833333333334
0.96205
0.9631833333333333
0.9629666666666666
0.9634833333333334
0.9645666666666667
0.9650166666666666
0.9649833333333333
0.96595
0.96675
0.9668166666666667
0.96735
0.9678333333333333
0.96825
0.9689833333333333
0.96895
0.9681
0.9698833333333333
0.9701
0.97095
0.9709
0.97165
0.9721
0.9723
0.97275
0.9730833333333333
0.9734833333333334
0.9737666666666667
0.9739666666666666
0.97395
0.97515
0.9753166666666667
0.9749666666666666
0.9751
0.9765
0.97685
0.9767666666666667
0.9772833333333333
0.97685
0.9774
0.9774333333333334
0.9783666666666667
0.9783666666666667
0.9786833333333333
0.9786666666666667
0.9788333333333333
0.9793666666666667
0.9797833333333333
0.98
0.9795833333333334
0.9799333333333333
0.98035
0.9808666666666667
0.98095
0.9805
0.9807166666666667
0.9813
0.9815166666666667
0.9820666666666666
0.9822
0.9816
0.9822833333333333
0.9829333333333333
0.9827
0.98315
0.9834333333333334
0.9834333333333334
0.9837
0.9839333333333333
0.9841833333333333
0.9842833333333333
0.9845333333333334
0.9847333333333333
0.9846166666666667
0.9847333333333333
0.9852166666666666
0.9849166666666667
0.9847833333333333
0.9856333333333334
0.9853833333333334
0.9857833333333333
0.9860166666666667
0.9861333333333333
0.9855833333333334
0.9850166666666667
0.9864833333333334
0.9869833333333333
0.9869166666666667
0.98635
0.9872333333333333
0.9874
0.98715
0.9877
0.9876666666666667
0.9879333333333333
0.9881666666666666
0.9877166666666667
0.9882833333333333
0.9884166666666667
0.9886666666666667
0.9884666666666667
0.9883166666666666
0.9890333333333333
0.98895
0.9891833333333333
0.9894
0.9892
0.9893166666666666
0.9893
0.98975
0.9901833333333333
0.98985
0.9898833333333333
0.9901333333333333
0.9906166666666667
0.9893
0.9901833333333333
0.9906
0.9906833333333334
0.9898
0.9910833333333333
0.99105
0.9911
0.9912166666666666
0.9915
0.99195
0.9919333333333333
0.9916333333333334
0.9916833333333334
0.9918333333333333
0.992
0.9920666666666667
0.9920166666666667
0.9924166666666666
0.9919833333333333
0.9928833333333333
0.9924833333333334
0.9929833333333333
0.9926333333333334
0.9930333333333333
0.993
0.99295
0.9937666666666667
0.9935333333333334
0.9932
0.99225
0.9935
0.9929833333333333
0.9936833333333334
0.9937166666666667
0.9940666666666667
0.9938166666666667
0.9943166666666666
0.9942166666666666
0.9941333333333333
0.9939833333333333
0.9941666666666666
0.9941833333333333
0.9942666666666666
0.9943333333333333
0.9944666666666667
0.9947666666666667
0.99455
0.9947166666666667
0.9949
0.9951333333333333
0.9953
0.99505
0.99535
0.9949666666666667
0.9951833333333333
0.9950166666666667
0.9951333333333333
0.9956
0.995
0.9957833333333334
0.9957166666666667
0.9954666666666667
0.9953666666666666
0.9958166666666667
0.9961
0.99585
0.9959
0.99595
0.9963
0.99645
0.9962333333333333
0.9963333333333333
0.9962166666666666
0.9965833333333334
0.9963666666666666
0.9964
0.9964666666666666
0.9968666666666667
0.99705
0.9968
0.99705
0.9967333333333334
0.9971333333333333
0.9970166666666667
0.9968166666666667
0.9969833333333333
0.9972166666666666
0.9972833333333333
0.99715
0.9972833333333333
0.9975666666666667
0.99745
0.9976
0.9973166666666666
0.9975
0.9977
0.99765
0.9977
0.9975833333333334
0.9977333333333334
0.9978166666666667
0.9979833333333333
0.9977833333333334
0.9977333333333334
0.99805
0.9980166666666667
0.998
0.9980166666666667
0.9981666666666666
0.9981
0.9983
0.9979833333333333
0.99835
0.9982833333333333
0.99835
0.9982166666666666
0.9984
0.9983833333333333
0.9986
0.9985166666666667
0.9985
0.9986166666666667
0.9984166666666666
0.9979166666666667
0.9984666666666666
0.9985833333333334
0.9986833333333334
0.9985666666666667
