0.07931666666666666
0.11236666666666667
0.11236666666666667
0.11236666666666667
0.11236666666666667
0.22123333333333334
0.29283333333333333
0.6233833333333333
0.74095
0.7885
0.8136
0.8316166666666667
0.8491
0.8609666666666667
0.87095
0.8799
0.88515
0.8920666666666667
0.8973166666666667
0.9018
0.9045666666666666
0.9096833333333333
0.9124166666666667
0.9152833333333333
0.91885
0.9218166666666666
0.9236833333333333
0.9270166666666667
0.9286333333333333
0.9306
0.9328
0.9355
0.9374333333333333
0.9387833333333333
0.9404666666666667
0.94245
0.9437166666666666
0.9456333333333333
0.9466333333333333
0.9479
0.9496
0.9503166666666667
0.9516166666666667
0.9524333333333334
0.95315
0.9548666666666666
0.95535
0.9556166666666667
0.9571333333333333
0.9578833333333333
0.95845
0.95935
0.9594166666666667
0.9611833333333333
0.9608833333333333
0.9618833333333333
0.9629666666666666
0.9632166666666667
0.96405
0.9650166666666666
0.9642833333333334
0.9658166666666667
0.9659666666666666
0.96605
0.9671333333333333
0.9677666666666667
0.9668833333333333
0.9683333333333334
0.9683666666666667
0.9695166666666667
0.9692833333333334
0.9697333333333333
0.9706166666666667
0.97065
0.97015
0.9714333333333334
0.9722333333333333
0.9716166666666667
0.9724666666666667
0.9726333333333333
0.9732166666666666
0.9735166666666667
0.9740833333333333
0.9739
0.97435
0.97465
0.9745333333333334
0.9749333333333333
0.9757166666666667
0.97525
0.9757333333333333
0.9761833333333333
0.9766
0.97695
0.9775666666666667
0.97775
0.9778333333333333
0.9778833333333333
0.9783333333333334
0.9788833333333333
0.9781166666666666
0.9783
0.9794166666666667
0.97925
0.9798166666666667
0.98005
0.97935
0.9803166666666666
0.9812
0.9804333333333334
0.9811166666666666
0.9819166666666667
0.98175
0.9818166666666667
0.9818833333333333
0.982
0.9823333333333333
0.9832166666666666
0.9832833333333333
0.9830666666666666
0.9835666666666667
0.9832
0.9842166666666666
0.98405
0.98445
0.9847333333333333
0.9845166666666667
0.9853166666666666
0.9852166666666666
0.9854
0.9854
0.9849333333333333
0.9857166666666667
0.9855
0.9858
0.98625
0.9862666666666666
0.9866333333333334
0.9869333333333333
0.9862
0.9869666666666667
0.98685
0.98715
0.9870666666666666
0.9871333333333333
0.9869666666666667
0.9879
0.98795
0.9879666666666667
0.98775
0.9885666666666667
0.98825
0.9884166666666667
0.9888666666666667
0.9891166666666666
0.9889166666666667
0.98915
0.9894
0.9898166666666667
0.98975
0.9894333333333334
0.9902
0.9899333333333333
0.98985
0.9902333333333333
0.99035
0.99045
0.99075
0.9907166666666667
0.99105
0.9912333333333333
0.9907166666666667
0.9914
0.99125
0.992
0.9919
0.99125
0.9917833333333334
0.9919
0.9917
0.99265
0.9919666666666667
0.99265
0.9925
0.9921333333333333
0.9925666666666667
0.9934333333333333
0.9930333333333333
0.9930666666666667
0.9929833333333333
0.99335
0.9930666666666667
0.9928333333333333
0.9931666666666666
0.9932666666666666
0.9938
0.9933166666666666
0.9940666666666667
0.9937833333333334
0.99385
0.99385
0.9940666666666667
0.99375
0.9943166666666666
0.9945333333333334
0.99445
0.9944333333333333
0.9944166666666666
0.9945333333333334
0.99505
0.9948833333333333
0.9950333333333333
0.9950333333333333
0.9949833333333333
0.9952166666666666
0.9949166666666667
0.9951
0.9952333333333333
0.9953666666666666
0.9952833333333333
0.9953333333333333
0.9955
0.99575
0.99585
0.9958333333333333
0.99565
0.9957
0.9962166666666666
0.9963
0.9962166666666666
0.99635
0.9962666666666666
0.9962333333333333
0.9965
0.9965
0.9961833333333333
0.9967333333333334
0.99675
0.9965166666666667
0.99675
0.9968
0.9969666666666667
0.9969666666666667
0.9969
0.9970666666666667
0.9972333333333333
0.9972666666666666
0.9974333333333333
0.9974166666666666
0.9973166666666666
0.9972
0.99715
0.9975333333333334
0.9975666666666667
0.9974666666666666
0.9977
0.99735
0.9976333333333334
0.99775
0.99745
0.9976666666666667
0.9976833333333334
0.9978333333333333
0.99785
0.9978666666666667
0.99785
0.9981666666666666
0.9978833333333333
0.9980166666666667
0.99795
0.99775
0.9982833333333333
0.9982666666666666
0.9981
0.9980666666666667
0.9979833333333333
0.9984833333333333
0.9982333333333333
0.9983
0.99835
0.9984666666666666
0.9984833333333333
0.9984833333333333
0.9982333333333333
0.9984
0.9985166666666667
0.9986166666666667
0.99835
0.9987
0.9985666666666667
0.9988333333333334
0.9985166666666667
0.9986666666666667
0.9988833333333333
0.9986833333333334
0.9987666666666667
0.9987833333333334
0.9987166666666667
0.9988333333333334
0.9987666666666667
0.9988
