0.10795
0.11236666666666667
0.11236666666666667
0.11236666666666667
0.11236666666666667
0.24398333333333333
0.4331833333333333
0.64975
0.75305
0.79295
0.8199166666666666
0.8387
0.85495
0.8673833333333333
0.8756333333333334
0.8837333333333334
0.8902666666666667
0.8958833333333334
0.9011333333333333
0.9050166666666667
0.9091
0.91235
0.9164166666666667
0.9187166666666666
0.9210666666666667
0.9237833333333333
0.92675
0.9289
0.9315833333333333
0.9333166666666667
0.9356333333333333
0.9378666666666666
0.9397166666666666
0.9412833333333334
0.9427
0.9444666666666667
0.9455833333333333
0.9463166666666667
0.9484833333333333
0.9501
0.9506166666666667
0.9522166666666667
0.9528666666666666
0.9534
0.9544
0.9549
0.9558166666666666
0.9581166666666666
0.9583666666666667
0.9585333333333333
0.9599166666666666
0.96095
0.9609666666666666
0.9615166666666667
0.9619
0.96295
0.96305
0.9636833333333333
0.9645
0.9645666666666667
0.9652
0.9658
0.9662333333333334
0.9665
0.9672166666666666
0.96785
0.9683833333333334
0.9683666666666667
0.9689666666666666
0.9699333333333333
0.9701166666666666
0.9704
0.9701333333333333
0.971
0.97135
0.9721666666666666
0.9724166666666667
0.9728833333333333
0.9730333333333333
0.9731
0.9739833333333333
0.9744
0.97445
0.9752
0.97535
0.9756166666666667
0.9758333333333333
0.9765166666666667
0.9763
0.9762333333333333
0.97705
0.9773833333333334
0.97815
0.9774666666666667
0.9779166666666667
0.9788166666666667
0.9786833333333333
0.9789666666666667
0.9785166666666667
0.9798166666666667
0.97965
0.9793666666666667
0.98
0.98055
0.9801833333333333
0.9807
0.98065
0.9804666666666667
0.9812166666666666
0.9817
0.98245
0.9819666666666667
0.9824666666666667
0.9825333333333334
0.98255
0.982
0.9832833333333333
0.9826166666666667
0.9838
0.9838833333333333
0.9839833333333333
0.98385
0.9843833333333334
0.9845
0.9840666666666666
0.98365
0.98475
0.9850833333333333
0.9855333333333334
0.9855
0.9856333333333334
0.9858166666666667
0.9854166666666667
0.9856333333333334
0.986
0.98675
0.9867833333333333
0.9869166666666667
0.9875166666666667
0.9873666666666666
0.98745
0.9875166666666667
0.98765
0.9881333333333333
0.9881
0.9881833333333333
0.9885666666666667
0.9884833333333334
0.9883666666666666
0.9884666666666667
0.9892666666666666
0.9890666666666666
0.9889333333333333
0.98925
0.9896833333333334
0.9899333333333333
0.98945
0.9897666666666667
0.9897666666666667
0.98975
0.9904833333333334
0.9903833333333333
0.9907833333333333
0.9908
0.9908166666666667
0.9906
0.9907333333333334
0.9911333333333333
0.9913166666666666
0.9911
0.99155
0.9913666666666666
0.992
0.9920333333333333
0.9916833333333334
0.9910166666666667
0.9921166666666666
0.9921333333333333
0.99235
0.9924666666666667
0.9922
0.9925166666666667
0.993
0.9928166666666667
0.9917833333333334
0.9928
0.9927833333333334
0.9929
0.99305
0.9932666666666666
0.99315
0.99295
0.99365
0.9936166666666667
0.9941333333333333
0.9940333333333333
0.9938666666666667
0.9942166666666666
0.99395
0.9938166666666667
0.9943
0.9945833333333334
0.99435
0.9938833333333333
0.9948833333333333
0.99425
0.9947833333333334
0.9947833333333334
0.9945666666666667
0.9949833333333333
0.9951166666666666
0.9951833333333333
0.9948666666666667
0.9951833333333333
0.9952166666666666
0.9951833333333333
0.9958
0.9956333333333334
0.9954333333333333
0.9956833333333334
0.99555
0.9955333333333334
0.9960666666666667
0.99565
0.9958666666666667
0.9959333333333333
0.9957333333333334
0.9962166666666666
0.9962666666666666
0.9961833333333333
0.9965333333333334
0.9963666666666666
0.9961333333333333
0.9961
0.9967166666666667
0.99665
0.9969333333333333
0.9966166666666667
0.9968
0.9968666666666667
0.99685
0.9969666666666667
0.9972
0.9968166666666667
0.9971
0.9971333333333333
0.9970166666666667
0.9972
0.99725
0.99725
0.9972166666666666
0.9971333333333333
0.9972166666666666
0.9973833333333333
0.9972666666666666
0.9975
0.9972666666666666
0.99755
0.9975
0.9976666666666667
0.9975666666666667
0.9977333333333334
0.9978166666666667
0.9977833333333334
0.9979166666666667
0.99775
0.9979666666666667
0.998
0.9980666666666667
0.9981166666666667
0.9979166666666667
0.9981166666666667
0.99825
0.9981
0.9981833333333333
0.9982833333333333
0.99825
0.99835
0.9982666666666666
0.9983666666666666
0.9984333333333333
0.9984833333333333
0.9986
0.9985166666666667
0.9986
0.9984
0.9984833333333333
0.99855
0.9985833333333334
0.9986333333333334
0.9987166666666667
0.9987333333333334
0.9988833333333333
0.9988333333333334
0.99885
0.9986833333333334
0.99885
0.9988333333333334
0.9989833333333333
0.9989666666666667
0.9988333333333334
