0.07093333333333333
0.11236666666666667
0.11236666666666667
0.11236666666666667
0.11236666666666667
0.32571666666666665
0.43451666666666666
0.5924
0.7308666666666667
0.8018833333333333
0.8235833333333333
0.8380666666666666
0.84915
0.8612
0.8708
0.8809666666666667
0.8892333333333333
0.89455
0.9002833333333333
0.9028833333333334
0.90815
0.9114666666666666
0.9142666666666667
0.9174
0.9199833333333334
0.9227833333333333
0.9241
0.9276666666666666
0.9296833333333333
0.9316
0.9342
0.9365666666666667
0.9379666666666666
0.9400833333333334
0.9413333333333334
0.94315
0.9448166666666666
0.9468833333333333
0.9481833333333334
0.9496
0.9504
0.95215
0.9528
0.9543166666666667
0.95595
0.9570166666666666
0.9573
0.9581166666666666
0.9589333333333333
0.95965
0.9607
0.9611
0.9621833333333333
0.9630166666666666
0.9638166666666667
0.9642166666666667
0.9652
0.9656666666666667
0.9659833333333333
0.966
0.9664833333333334
0.9675
0.9675
0.9689166666666666
0.9690333333333333
0.9696166666666667
0.9701333333333333
0.97045
0.9714833333333334
0.97145
0.9722
0.9725833333333334
0.9728333333333333
0.97315
0.9737833333333333
0.9738666666666667
0.9739
0.9745
0.9748833333333333
0.9750666666666666
0.9756
0.9763166666666667
0.9754
0.97615
0.9763166666666667
0.9771166666666666
0.9776
0.977
0.9774333333333334
0.9779333333333333
0.9785833333333334
0.9789
0.9788166666666667
0.9786333333333334
0.9797666666666667
0.9800166666666666
0.9795666666666667
0.9790666666666666
0.9807333333333333
0.9811666666666666
0.9808333333333333
0.98115
0.9812166666666666
0.9813666666666667
0.9818333333333333
0.9816
0.9813166666666666
0.9819666666666667
0.9827
0.98285
0.9829833333333333
0.9832166666666666
0.9833666666666666
0.9830166666666666
0.9837333333333333
0.9843833333333334
0.9846166666666667
0.9845333333333334
0.98475
0.9842666666666666
0.9847833333333333
0.98485
0.98505
0.9856666666666667
0.9856666666666667
0.98505
0.9857166666666667
0.98615
0.98635
0.9864166666666667
0.9867833333333333
0.9867333333333334
0.9865333333333334
0.9864
0.9868333333333333
0.98755
0.9872666666666666
0.9875166666666667
0.9875
0.9872166666666666
0.9881333333333333
0.9883833333333333
0.98805
0.9888166666666667
0.9887166666666667
0.9885833333333334
0.9890833333333333
0.98865
0.9890166666666667
0.9893666666666666
0.98965
0.9896833333333334
0.99035
0.9892333333333333
0.9901833333333333
0.9903166666666666
0.99005
0.99045
0.9908333333333333
0.99065
0.9905833333333334
0.9910166666666667
0.9915
0.991
0.9914166666666666
0.9916
0.9912333333333333
0.9911666666666666
0.9917166666666667
0.99155
0.9918166666666667
0.99185
0.99135
0.9923833333333333
0.9920666666666667
0.9917833333333334
0.9924666666666667
0.99235
0.9927333333333334
0.9922833333333333
0.9922166666666666
0.9928333333333333
0.9928833333333333
0.9924333333333333
0.9932
0.9930166666666667
0.9934333333333333
0.9935
0.9929833333333333
0.99405
0.9935833333333334
0.9933333333333333
0.9938333333333333
0.99395
0.9942
0.9939833333333333
0.9944166666666666
0.9942166666666666
0.9942
0.9943666666666666
0.9946166666666667
0.99475
0.9943
0.9950166666666667
0.9946333333333334
0.99445
0.995
0.9950833333333333
0.9952666666666666
0.9949
0.9949666666666667
0.9954333333333333
0.9956833333333334
0.9959333333333333
0.9955166666666667
0.9951166666666666
0.99585
0.9958333333333333
0.9959333333333333
0.9959333333333333
0.9959333333333333
0.9958
0.9960166666666667
0.996
0.9960833333333333
0.9963666666666666
0.9960833333333333
0.9965666666666667
0.9964333333333333
0.99625
0.9966666666666667
0.9961166666666667
0.99675
0.9962833333333333
0.9967166666666667
0.9968833333333333
0.9969
0.9968666666666667
0.9968666666666667
0.9969166666666667
0.9965666666666667
0.9971333333333333
0.99705
0.99675
0.9973666666666666
0.99715
0.9972666666666666
0.99735
0.9975333333333334
0.9973666666666666
0.9973833333333333
0.99755
0.99735
0.99775
0.9976333333333334
0.9979166666666667
0.9973
0.9978333333333333
0.9979
0.9979666666666667
0.99785
0.9980333333333333
0.9977333333333334
0.9979166666666667
0.99805
0.9980166666666667
0.998
0.99805
0.9982166666666666
0.9982666666666666
0.9983166666666666
0.9982833333333333
0.9983
0.9982
0.9982333333333333
0.9983166666666666
0.9983333333333333
0.9984333333333333
0.9983
0.9982
0.99855
0.9983666666666666
0.99845
0.9984333333333333
0.9986333333333334
0.9987
0.9985666666666667
0.9987666666666667
0.99875
0.9987166666666667
0.9987333333333334
0.9987833333333334
0.99875
0.9987666666666667
0.9986333333333334
0.99865
0.99855
0.9987666666666667
0.9989166666666667
0.9988
0.9987166666666667
