0.10011666666666667
0.11236666666666667
0.11236666666666667
0.11236666666666667
0.11236666666666667
0.27353333333333335
0.5046833333333334
0.6387
0.7467
0.79695
0.8154666666666667
0.8308333333333333
0.8495666666666667
0.8624166666666667
0.8718166666666667
0.8813166666666666
0.8854166666666666
0.8927
0.8983833333333333
0.9027666666666667
0.9086166666666666
0.91125
0.9155166666666666
0.91795
0.9225
0.9252166666666667
0.9282333333333334
0.9299833333333334
0.9319
0.934
0.9365
0.9381666666666667
0.9408166666666666
0.9418166666666666
0.9451833333333334
0.9463833333333334
0.9475833333333333
0.9493166666666667
0.95015
0.9508
0.95265
0.9525666666666667
0.9548833333333333
0.9560166666666666
0.9568
0.9583833333333334
0.9594333333333334
0.9597
0.9610333333333333
0.9615666666666667
0.9617333333333333
0.9626666666666667
0.9635666666666667
0.9649833333333333
0.9652666666666667
0.9661
0.9665333333333334
0.9663333333333334
0.9671166666666666
0.9683166666666667
0.9690666666666666
0.9692
0.9693
0.9698833333333333
0.9704666666666667
0.9709166666666667
0.9716833333333333
0.9717
0.9723166666666667
0.9727833333333333
0.9734833333333334
0.9727833333333333
0.97395
0.97385
0.9749333333333333
0.9754333333333334
0.975
0.9758833333333333
0.9764
0.9764833333333334
0.9771833333333333
0.9777666666666667
0.9781833333333333
0.9781666666666666
0.97785
0.9788833333333333
0.9786333333333334
0.97895
0.9792166666666666
0.9791
0.9787833333333333
0.9801666666666666
0.9802
0.98045
0.9810666666666666
0.9803333333333333
0.9809666666666667
0.9816166666666667
0.9816166666666667
0.9819666666666667
0.98255
0.9822
0.9819333333333333
0.98285
0.9829
0.9832666666666666
0.9837333333333333
0.9836166666666667
0.9832333333333333
0.9840666666666666
0.9839333333333333
0.9842833333333333
0.98445
0.9848166666666667
0.9848166666666667
0.985
0.9851166666666666
0.9853166666666666
0.9856166666666667
0.9856833333333334
0.98525
0.9860333333333333
0.98645
0.9864333333333334
0.9867
0.98695
0.9868333333333333
0.9871
0.9872833333333333
0.9877833333333333
0.9876833333333334
0.988
0.9877
0.98785
0.9879
0.9879666666666667
0.9885
0.98825
0.9891
0.9887333333333334
0.9887666666666667
0.98915
0.9891666666666666
0.98955
0.98985
0.98915
0.9898
0.9902333333333333
0.9905
0.9902166666666666
0.9906666666666667
0.9899
0.9906166666666667
0.9906833333333334
0.9911
0.9911666666666666
0.9911833333333333
0.9915833333333334
0.9918833333333333
0.9918833333333333
0.9916833333333334
0.99195
0.9920666666666667
0.99235
0.9921333333333333
0.9924166666666666
0.9926333333333334
0.9926
0.9929
0.9928166666666667
0.9933
0.9931333333333333
0.9933
0.99345
0.9926833333333334
0.9935
0.9925166666666667
0.9937666666666667
0.9939833333333333
0.99415
0.9935
0.99395
0.9942833333333333
0.9942
0.99435
0.99435
0.9948833333333333
0.9944166666666666
0.9948166666666667
0.9943666666666666
0.9946
0.9944666666666667
0.9949333333333333
0.9952
0.9951833333333333
0.9956
0.9954
0.9950166666666667
0.9956666666666667
0.9956666666666667
0.9957
0.99555
0.9959166666666667
0.9959166666666667
0.9959
0.9959666666666667
0.9956666666666667
0.9959333333333333
0.9958833333333333
0.9961666666666666
0.99645
0.9962333333333333
0.99575
0.9963
0.9967
0.9966833333333334
0.9965833333333334
0.99695
0.9965666666666667
0.9969833333333333
0.9966833333333334
0.9970666666666667
0.9969
0.9970333333333333
0.9970333333333333
0.9972
0.99735
0.9969166666666667
0.9972
0.9970666666666667
0.9970666666666667
0.9974166666666666
0.9974333333333333
0.9975833333333334
0.9975333333333334
0.9975166666666667
0.99755
0.9976333333333334
0.9975833333333334
0.99755
0.9976333333333334
0.9973333333333333
0.9977333333333334
0.99745
0.99775
0.9978666666666667
0.9979166666666667
0.99775
0.9980666666666667
0.9979666666666667
0.9981833333333333
0.99815
0.9981833333333333
0.9981
0.99785
0.9979333333333333
0.99815
0.9982166666666666
0.9983833333333333
0.9985
0.9985833333333334
0.9981166666666667
0.9984833333333333
0.9984333333333333
0.99855
0.9986
0.9985
0.9985
0.9987333333333334
0.9986333333333334
0.9985333333333334
0.9987833333333334
0.99855
0.9986
0.9986833333333334
0.9987333333333334
0.99875
0.9986833333333334
0.99895
0.9988166666666667
0.9989
0.9989666666666667
0.99905
0.9988666666666667
0.9989
0.999
0.9992
0.9990166666666667
0.9989
0.9991166666666667
0.9992
0.9990166666666667
0.9992
0.9992666666666666
0.9992833333333333
0.9993166666666666
0.9991833333333333
0.9992
0.9992666666666666
0.9992
0.9992333333333333
