2.2971448367225538
2.302611914014328
2.2962762529175857
2.3049375455137286
2.2986282130621736
2.293715290315623
2.3030921892696044
2.299063692899746
2.301273464715392
2.2961921170723762
2.2997799485103045
2.2900366735800928
2.3003870081649707
2.305153546470961
2.3000147258392944
2.2896034147510735
2.3006168347656812
2.298377228858434
2.295599110718874
2.3048039729079846
2.301145671176622
2.3000151527193915
2.2998029621190987
2.3066674805644136
2.299514413366678
2.3043427256536706
2.296720875868439
2.29760387033169
2.300528628323233
2.3031005559917634
2.299930177353247
2.3052023423079873
2.294895377173812
2.293926117736818
2.3000057950149535
2.298464762423629
2.3056912583931837
2.303832952480542
2.2973139146358643
2.3036174876382383
2.298123638172329
2.3061742396786458
2.2965039994147465
2.298709241012237
2.292519468334155
2.303321678296318
2.299191090633141
2.2988384188234194
2.31022343079774
2.298296509103413
2.3024312709168
2.298963417392425
2.3038161070033856
2.302554279115601
2.301689176485721
2.3001995304823306
2.2903242563344737
2.3026349876546095
2.3083043830532723
2.300513470848436
2.2964372489429934
2.300694544754658
2.304471354306272
2.301542722260137
2.3032394553434825
2.3068223023234395
2.2968052957762213
2.2975932284290814
2.291821166542424
2.3013181047443716
2.301081087421792
2.2966647616369142
2.3011963043023247
2.3042363540535122
2.2964537421511744
2.3045356175170046
2.300068971695708
2.294407617301177
2.3028018537306085
2.3000976285362085
2.3003521760877286
2.2966334103920887
2.3064522081133414
2.307482486302078
2.302254804218921
2.3026359156191725
2.2982538971856767
2.3040132585603
2.298926546878896
2.2992044017101203
2.302481262160183
2.293304322769664
2.2832826843711262
2.299139937317225
2.294982457349833
2.3087157794406075
2.2978266676974926
2.304576244717335
2.297182995849097
2.296732550672714
2.29284117877655
2.2902742876668354
2.297732521849544
2.2934193253611532
2.294543195576363
2.3035229003368185
2.3007825030275337
2.297897820661029
2.3092047387379493
2.297222612560836
2.2952000758210134
2.30109540528944
2.304898674961954
2.295974218026283
2.3022182582410333
2.3017279513994406
2.3051737065212405
2.300583652720667
2.2933886848132787
2.296305935993384
2.29165759698322
2.3049108321671468
2.303396411617615
2.280164415596942
2.2933615372474225
2.2898566804481457
2.3024059650885356
2.2915096251626714
2.2847752228623928
2.3033789750413907
2.29891193149584
2.306797202519903
2.294572724880438
2.2967610778224437
2.3012766583849915
2.3010286944010003
2.305597045211681
2.2971597022007315
2.299131035354415
2.2940697802077405
2.300527594580001
2.299829036919951
2.3003729327954376
2.294423926906616
2.311990519176021
2.3051893110817194
2.3017457546684064
2.29278352799056
2.3049576688724085
2.301829596732925
2.2969269687586977
2.3002333192553137
2.285826784453805
2.2997645918653205
2.2829032307680523
2.3089045743356977
2.2957598078946724
2.2977637589516506
2.293604876102563
2.287334413122617
2.295291566368092
2.303069766043021
2.2912425860557937
2.2939450266414894
2.301408765579316
2.3015975888397056
2.307068437541744
2.3070516269688057
2.311158749984788
2.2943903389662803
2.3026991947161717
2.2960946118876655
2.2825824100827754
2.314433123527792
2.3053427236265334
2.3026128995425226
2.301964146494579
2.311588806829755
2.2974320172008675
2.304919168415252
2.299473258039272
2.3023008058665044
2.2935027039781772
2.294599508545532
2.302336836332926
2.310609545321701
2.299195418938591
2.30306809066395
2.310247735685155
2.298375050084996
2.2966764258793066
2.295614484419508
2.29298231470963
2.294040599949913
2.3044904367261876
2.3055377914150648
2.2992621474793267
2.3045032186258214
2.3058960901100667
2.302619605219391
2.2935731577419327
2.295801678596259
2.293390210960697
2.302873899006793
2.3019217039902844
2.2896697425092842
2.2952949959560343
2.2900361137459786
2.3004448240215374
2.2850093825592164
2.294199405164994
2.297977333385568
2.3029269157309566
2.305033845590701
2.2859547283910575
2.301887953382447
2.2997604697238745
2.2827730428570856
2.30085136697012
2.2882326946419096
2.301735902706652
2.290288303523561
2.3010040563440466
2.316909718354747
2.294936994129492
2.3028567309569685
2.300281570178537
2.302285008034101
2.29624157030505
2.288353399170405
2.3017123956364456
2.3034955795334198
2.2901315496228922
2.2959041910830336
2.2941700824072266
2.2984428930271235
2.2928920375220305
2.3058485520759557
2.3111654964333423
2.2964937610695757
2.3059816490707066
2.2978076323832766
2.309633929674131
2.309561752454195
2.3030929308637558
2.3046107030104817
2.3044343996114405
2.30320935083065
2.303851910330485
2.2965337520295908
2.2963545606479667
2.3105086149820377
2.297391149171359
2.2998897796337694
2.305041869920196
2.3023167405899896
2.291238478629169
2.3044285043498745
2.297211219950476
2.304684421120707
2.3016605464195137
2.2914856683353846
2.2978891029723894
2.3055166972158956
2.2984476762941726
2.29427028206529
2.2911613514557634
2.304807390319473
2.298220672055348
2.2916057107284127
2.28697664246035
2.3038541444204896
2.306778585316528
2.3025969212615314
2.297319626965296
2.291023516293604
2.311017373616437
2.3060966072055664
2.304821105367198
2.3022578259967594
2.3039704576243336
2.2955524128870555
2.3027771662443266
2.2976598460175586
2.2999464957171667
2.3045664806100383
2.3000334005355443
2.2954366359393212
2.3022906468019375
2.294381200715255
2.2884441990425666
2.2981319161042615
2.3065785812483375
2.3006357445394485
2.2979473813972415
2.3040384476920868
2.30418008600778
2.3135415176609238
2.3000468844411843
2.3049958151807517
2.30128110843251
2.297708006015363
2.301331542118835
2.29609589429003
2.2970941453932343
2.302168263441877
2.299148520819511
2.285469130840627
2.3076721978543024
2.2920785987824233
2.3028503416959913
2.293158193882076
2.30470687165941
2.295310501985125
2.310532791548795
2.2935637881916637
2.2896078890000013
2.28644286252185
2.2859036660717402
2.3073842345962685
2.2845383716027716
2.2811268717662303
2.2884286141912535
2.2967875549328944
2.290935173277892
2.2933855738550046
2.292175799260236
2.2883420020465826
2.2964918672800136
2.2982211967502497
2.297918816839458
2.302826114838902
2.2943582857143214
2.3082250728425406
2.284386637491801
2.311167338258703
2.306565100296337
2.309846815745384
2.306426575284832
2.304603919722731
2.3018254115407766
2.304509482437237
2.299737190548731
2.3089908553988012
2.296976636435498
2.297417675195464
2.306555613871199
2.297345768884501
2.301585536616528
2.2908130843409085
2.3024445590137255
2.297868566126449
2.3069144455342347
2.291849187290798
2.294588122071532
2.2990383100171465
2.2903799448320576
2.2857121232968294
2.2903925932238245
2.297699797579823
2.28502895868878
2.30102352113226
2.301434256077391
2.297880708627382
2.292944654623873
2.2974946119299666
2.288225461775579
2.3055904690533695
2.297657979515771
2.29186874612211
2.3153381855523327
2.2976021791876353
2.3004278748267226
2.303579782631997
2.3044804644467267
2.3087951964947053
2.3019409540581197
2.3049265665167287
2.284593408324537
2.30041370413311
2.2946134716611395
2.296904002519785
2.3037659277168068
2.3024315901804058
2.2849346430515793
2.283978351658263
2.2986926616359464
2.299044033833269
2.3013128661477547
2.2993451757440426
2.299225883056861
2.2944133459156366
2.3007733315302956
2.3198019195532957
2.300448566965622
2.299057888268174
2.2900416526270773
2.318935181830468
2.314694069746346
2.2856834863895767
2.2969169258900752
2.2986998697515757
2.300553545937848
2.2945054829609437
2.294899175647814
2.2891845415024528
2.2966110486682996
2.308146680864682
2.303037304680822
2.298502626830347
2.311563019464869
2.2977624248304305
2.296493012414109
2.3043678447469893
2.2951336012561057
2.2980893044483306
2.2871919489539003
2.2963127012005025
2.296896718295878
2.2932982598885108
2.311756321546966
2.2887499665979734
2.301113205851083
2.3067398447514296
2.302154510536305
2.286143905896661
2.299459718747971
2.309431112400074
2.2983186914512586
2.2933136503070295
2.3020237736634366
2.298481917440455
2.2962547821325687
2.2956888913552422
2.300046046360735
2.3112741581074854
2.2979683441495355
2.299849242277528
2.3158351009936804
2.3036296886267262
2.3060455083740283
2.3105498379879634
2.2981923547893657
2.2908851032058037
2.2905401567803683
2.292524912368866
2.295736011651611
2.3022871831379903
2.3001484268751238
2.309751306925691
2.2976824323688594
2.291142504923579
2.3041105247341362
2.2966776456697846
2.306706103431368
2.3038478511114535
2.2978079645962657
2.307717997154155
2.3044650236157165
2.2967962677682725
2.299519166508069
2.295400200953221
2.292461604110214
2.303839850858395
2.29324079734989
2.304683841117399
2.2989689627632224
2.2970097671704885
2.307964299905241
2.2954451900119928
2.296921649384264
2.2903228151105526
2.294509049500008
2.301082525059334
2.3017850190379088
2.307533777153273
2.3090353233693834
2.2905945983747937
2.2998414197500985
2.295654469510037
2.3060734693136595
2.2915511708731007
2.296920523929914
2.2947329010531927
2.2923761406355236
2.3062131171212688
2.2999690068115077
2.299297770954541
2.307798972955454
2.294371146287233
2.2993583776416546
2.3054732570176046
2.2956735632920244
2.291976926158501
2.30363382797508
2.3045589174379977
2.301470037992628
2.3049300491173397
2.2942516625781524
2.303364413424317
2.296404139816588
2.3092567356636162
2.296100327539508
2.2894234974175633
2.291275127122381
2.304789403167722
2.3075725562118787
2.293946240644445
2.2906665858349102
2.297490131722477
2.2988694733324944
2.2955418539102563
2.3018192402347055
2.289972823773293
2.294708682586977
2.2910644196778183
2.3028660297982553
2.2838440601367656
2.306067012921885
2.2933093485440383
2.3057085178244408
2.301224199272811
2.2963218195793793
2.294082545487411
2.2880695319585116
2.30034001060245
2.298651132007603
2.308183622973761
2.3017122507191603
2.302667126497768
2.29403418352326
2.2997555956666123
2.298710632091302
2.297547254929983
2.3084627354198353
2.292207425431216
2.3028636193763883
2.2982321730912556
2.2976229791513956
2.310775919038099
2.3037932042191276
2.2867627678976787
2.3000493043978723
2.2890741332861064
2.278942707661268
2.2892361653284348
2.3068191584929614
2.294634485133536
2.2971325263141535
2.2940870311492527
2.3052876929485215
2.299072898613906
2.3007189345338785
2.3065625878523566
2.3049221644249833
2.304120474427663
2.303250235879799
2.300240384057365
2.28403325850078
2.2961403175175836
2.2997489987225004
2.2868439052002003
2.303914714542238
2.2949410191568154
2.2947421417306026
2.3102151264339117
2.306172728702224
2.2983128947172857
2.305705396013683
2.3025657655070604
2.2986960887860777
2.29945229944412
2.300402286420306
2.3083383276172724
2.3012325195535404
2.301387259271371
2.3024823746285126
2.2988365495443466
2.291176958661602
2.295555914822218
2.2986813697447306
2.298669774911786
2.298369920260719
2.3024982614443776
2.2975269295787593
2.2982440398765305
2.297970408861562
2.3019941334263074
2.3004129705974456
2.3011751491346013
2.300754876934737
2.288732180271723
2.3047027745865045
2.3060251099509186
2.3065440980383545
2.308491893596891
2.30764290704034
2.2997742598005733
2.307805548336298
2.2973774056186578
2.3075557410310195
2.302472134660041
2.2940157174660736
2.301729190354061
2.290547420319188
2.2968481742386566
2.301093514668159
2.301353635475459
2.2843159591229036
2.3033415407198454
2.3003629527015463
2.3080340057623596
2.2971751854756857
2.307950635942142
2.2995833046261835
2.290269904524121
2.291471329921531
2.293129147469277
2.2988580575307704
2.3078578055645735
2.309112150394294
2.298291958378863
2.287636908290094
2.3044565033205453
2.2962720506679952
2.302439021161877
2.3089982075876825
2.2874554844106876
2.295310539133279
2.3053456542519606
2.3000269346912603
2.2993060283887714
2.2988782143130964
2.2913750295358826
2.2961281949993007
2.2940072154799727
2.3110782306407036
2.291433553663362
2.2928884192312586
2.2982699880069863
2.301279276352478
2.305547764743058
2.2951307612883287
2.297438878108052
2.3038440023044386
2.3021078066217275
2.3002427428677814
2.2983506736051402
2.3029796585002718
2.3008530108956147
2.289109364646557
2.2992743363041783
2.2920297545137167
2.297949580091975
2.309228093716277
2.2902502971126375
2.296042243158589
2.290824680603518
2.299798936098861
2.3086237639188174
2.3037221454657937
2.300541646676433
2.3067123755329386
2.293994849001586
2.307848020806125
2.2924131579850258
2.2902744190375977
2.301526703899718
2.2993521256820064
2.292026418568274
2.293562341933198
2.2896324476426524
2.3131682592664364
2.3083547002745393
2.2988754958021347
2.312428979656426
2.2934740840075842
2.300616239457067
2.303607192663888
2.293135600443681
2.2805700137109746
2.298374407410396
2.3057820368032518
2.288697742315786
2.300082133254576
2.3092430614160815
2.3018162758222105
2.2939904916819938
2.3121765679425534
2.306136158325182
2.3072601533838135
2.2950247753978776
2.3103040947416855
2.3064156376795406
2.295385267249614
2.3081412891052384
2.2972372301366355
2.299109820886306
2.2936938249200978
2.3086946902233416
2.304547528281636
2.3037605523698836
2.3057719598187374
2.303465466571904
2.3001461408608392
2.2999440232630475
2.299137222380897
2.298647267368285
2.296716825447342
2.297549539457806
2.2978783564154504
2.305113191683517
2.3002208517559732
2.301034484069169
2.3044403852809996
2.2969439043490745
2.3026395612263952
2.2924040429129446
2.299379484508431
2.294230929005696
2.300913112794428
2.2999786215076914
2.296952891354995
2.3065175508295463
2.289360319128263
2.3054270049441485
2.310172041047706
2.3040698798845547
2.2964643381337053
2.2923866193374733
2.3038751889270874
2.2942704235399405
2.297774842352319
2.2975746631368783
2.2989173766678612
2.299346634606321
2.298440477969994
2.2944609249867387
2.310010432072392
2.2987877200340434
2.286654790642305
2.2896567992939323
2.3047746146129473
2.2823772602659345
2.288992778993379
2.2950933491841776
2.295007009290844
2.2906665423118477
2.298915431347297
2.293265839190572
2.288379655110974
2.298827557810709
2.2823962232010016
2.306260371258928
2.302002752017776
2.3074121780331454
2.302806393135114
2.3054415335499794
2.2893688739474105
2.3014689336558067
2.2956349267184586
2.2956669687401567
2.3087397886849037
2.305200061505823
2.296330342029622
2.3054200685202733
2.297682873767557
2.288401288824088
2.302436111619558
2.2920604598657253
2.3085188051993693
2.304238897058296
2.295689505779789
2.2968196449242733
2.2921425978344043
2.3062340647003357
2.3042474836468494
2.316894836615072
2.2952941083937874
2.2900689587734826
2.3025133647493927
2.2983234652949385
2.2940219026934185
2.2954534773048176
2.2865376604692056
2.301620019529907
2.2953541222265277
2.3024803721157774
2.2935877959311846
2.2832941538798908
2.3076777313077153
2.316657624736111
2.308933533270741
2.302094057462512
2.2980563821715077
2.296677216138897
2.3030582160534876
2.3057356485998697
2.3119139209868473
2.2944909502356214
2.302294375418439
2.308579772096295
2.3062216711490517
2.290551835517009
2.2972599662621205
2.288256069923572
2.306514758645292
2.3116870094727533
2.3022813672372235
2.301654206333701
2.303000524459664
2.2959678933876875
2.3013769255267573
2.3107903262781537
2.2949647504789503
2.29657625477041
2.298644723844505
2.30087833448272
2.2969685867352667
2.2977482973819536
2.2974346727808155
2.293667935618728
2.299639540999566
2.301753803514424
2.2894965922637383
2.292894837817582
2.2992534561130644
2.298473658765494
2.2998775824595112
2.2964577490782143
2.3017249055111075
2.2981538095874363
2.285781601115657
2.2996513006163593
2.3008980014589206
2.297660524110958
2.3021767140681537
2.29635234426995
2.3005567052584492
2.3021727173114725
2.3033118837985787
2.2982715173072377
2.3003981051617983
2.291466707115006
2.3041884665146175
2.2931193514035817
2.296505884425905
2.298099922744094
2.295593018075757
2.2998034722500837
2.298867487951891
2.3051391891354522
2.3059748919461067
2.3027305776935076
2.298015500622486
2.3019685483808505
2.300129152946039
2.309122246150365
2.293225017155979
2.3022650788302617
2.303423054524919
2.304388867231535
2.3060178807392724
2.29922118998158
2.3068560968658978
2.305268121781609
2.3029817770673358
2.295805677067952
2.305842926331286
2.3038174889858505
2.3015712074118877
2.2987960621915446
2.3020809177758057
2.301137505732323
2.3011524326866537
2.302966093710447
2.3019930686594954
2.3068307032747306
2.2920638405221836
2.3022419655423083
2.292112991208699
2.3041801216470286
2.3034220642885344
2.3003345064080376
2.302750851835885
2.3059894082029775
2.3026397472631284
2.2997026106952365
2.2927274333993934
2.2978270818644835
2.299729227642127
2.2979282047000087
2.297345547300819
2.2996116754842415
2.3024448208846566
2.302599782616517
2.296037594965787
2.2989412054909524
2.301770851340121
2.30093016343128
2.294295423856551
2.301843448524016
2.300392391063646
2.2961191012193063
2.2983810895170222
2.3034532658401212
2.302359617657136
2.302512999782624
2.287757081476039
2.298570618280593
2.292687188732157
2.3035455443414516
2.3007153699026364
2.2980970221207655
2.304568351841942
2.296569787645136
2.300602055621218
2.2935707060819435
2.3085300501331316
2.2909477076047033
2.284428253300476
2.297621165088921
2.295148858082818
2.294017566222128
2.3082424883109898
2.304674142809203
2.2932315499479268
2.29070325406744
2.29598850252099
2.297108278246359
2.288861443035381
2.288300438349947
2.303733138838015
2.302927939450991
2.307932836811068
2.29931085099214
2.2981428088935187
2.3106199108103227
2.307751565384475
2.304027810534633
2.295895368867716
2.29889213331786
2.299770800386338
2.302252293913991
2.305057444769975
2.3087929972087995
2.303125433278788
2.295144316485267
2.3041893420235624
2.2912910222589424
2.2993694944027094
2.308509498463012
2.3069114388166776
2.301182641870391
2.301210164677525
2.299957257704403
2.2953970323835318
2.303594945397789
2.2966571258586366
2.2951727043456582
2.3025148043977244
2.301451768402391
2.298155630355757
2.3014893426628693
2.2875412736526317
2.2964585956420294
2.3137051819512986
2.2938298734426237
2.302190354084289
2.2935109018399795
2.303909026944827
2.2992485090758703
2.2948159774259
2.303328670250544
2.2975877026790603
2.304873837642094
2.310878151935145
2.305022057385587
2.3011939694011447
2.304983740406405
2.29709212215065
2.3029581935635286
2.2977771328355514
2.303437337159483
2.2986129160946183
2.300739354207893
2.29430462916371
2.301804946991187
2.3005980003794293
2.2981079283453414
2.2889884376807794
2.305092663158968
2.295945903400303
2.3036703681809163
2.301252982017604
2.288381160885581
2.2974220236471523
2.301675714353864
2.2977462142757954
2.3020686466130993
