0.09751666666666667
0.11236666666666667
0.11236666666666667
0.11236666666666667
0.24568333333333334
0.38966666666666666
0.6021666666666666
0.7398833333333333
0.7847666666666666
0.8054666666666667
0.8251
0.8478
0.8656833333333334
0.87695
0.8820833333333333
0.88945
0.8940166666666667
0.8988333333333334
0.9036333333333333
0.90545
0.9099166666666667
0.9120166666666667
0.9155666666666666
0.9174833333333333
0.9207166666666666
0.92275
0.9255666666666666
0.9284166666666667
0.9315833333333333
0.9337
0.9350333333333334
0.9368
0.9390833333333334
0.9408666666666666
0.9426833333333333
0.9444333333333333
0.9458
0.9470333333333333
0.9483
0.94945
0.95105
0.9516333333333333
0.9528333333333333
0.95435
0.9548333333333333
0.9555833333333333
0.9568166666666666
0.9575333333333333
0.9581666666666667
0.95885
0.95945
0.9604833333333334
0.96135
0.9624833333333334
0.9628166666666667
0.9636166666666667
0.9634333333333334
0.9645166666666667
0.9652333333333334
0.9656666666666667
0.9659333333333333
0.9669666666666666
0.9675666666666667
0.9681666666666666
0.9679
0.9691833333333333
0.9689
0.97025
0.9706
0.9711333333333333
0.9715666666666667
0.972
0.9720833333333333
0.97255
0.9729166666666667
0.9723833333333334
0.9736833333333333
0.9733666666666667
0.9738833333333333
0.97415
0.9749166666666667
0.97465
0.97565
0.9762666666666666
0.9766166666666667
0.9763333333333334
0.9770166666666666
0.9775666666666667
0.977
0.97805
0.9784
0.97845
0.97795
0.9793
0.9794666666666667
0.97955
0.9795666666666667
0.9799166666666667
0.97975
0.9803
0.9808333333333333
0.9809166666666667
0.9810666666666666
0.9812833333333333
0.9818333333333333
0.9815333333333334
0.9812166666666666
0.9824833333333334
0.9828333333333333
0.9828
0.9828166666666667
0.9835
0.9832
0.98345
0.9835833333333334
0.9836666666666667
0.9840833333333333
0.9837333333333333
0.9839333333333333
0.98445
0.9845
0.9843666666666666
0.9849
0.9854166666666667
0.9855333333333334
0.98555
0.9859166666666667
0.9862666666666666
0.98565
0.9859
0.9863666666666666
0.9862666666666666
0.9859333333333333
0.98685
0.9863333333333333
0.9870833333333333
0.98725
0.9874666666666667
0.9865166666666667
0.9877666666666667
0.9879666666666667
0.9878
0.9878166666666667
0.9879333333333333
0.9875166666666667
0.9882166666666666
0.9887
0.9884166666666667
0.9884333333333334
0.9889666666666667
0.9892166666666666
0.9885333333333334
0.9891
0.98935
0.98955
0.9894166666666667
0.9896333333333334
0.9896333333333334
0.9893333333333333
0.9901
0.9897666666666667
0.9900166666666667
0.99025
0.9906666666666667
0.9899833333333333
0.99085
0.9910833333333333
0.9904333333333334
0.9910833333333333
0.9910166666666667
0.9908
0.9916666666666667
0.9912
0.9911166666666666
0.9914
0.9918833333333333
0.9922
0.9919333333333333
0.9920666666666667
0.9922166666666666
0.9921333333333333
0.9921333333333333
0.9925833333333334
0.99275
0.99265
0.99285
0.9929666666666667
0.99325
0.9931666666666666
0.9931833333333333
0.9933833333333333
0.9934666666666667
0.9931833333333333
0.99345
0.9935
0.9935
0.9939333333333333
0.9937166666666667
0.99425
0.9940333333333333
0.99405
0.99415
0.9943666666666666
0.9940833333333333
0.9944166666666666
0.99395
0.9944166666666666
0.9948666666666667
0.9947333333333334
0.9948
0.9943166666666666
0.99485
0.9950833333333333
0.9951166666666666
0.9952666666666666
0.9954333333333333
0.9952
0.99475
0.9950833333333333
0.9955
0.9957166666666667
0.9958833333333333
0.9954166666666666
0.9956833333333334
0.9957333333333334
0.99615
0.9960333333333333
0.99645
0.99625
0.9959833333333333
0.9958833333333333
0.99635
0.9956666666666667
0.9968166666666667
0.9959166666666667
0.9954
0.9970166666666667
0.9966833333333334
0.9970333333333333
0.9971
0.9969833333333333
0.9971
0.9965833333333334
0.997
0.9972
0.9971166666666667
0.99745
0.9973333333333333
0.9973166666666666
0.9971666666666666
0.99755
0.9976333333333334
0.9978166666666667
0.9975333333333334
0.9977166666666667
0.9968166666666667
0.99745
0.9979666666666667
0.9980833333333333
0.9979333333333333
0.9977333333333334
0.9979
0.9979666666666667
0.9981
0.99805
0.9981833333333333
0.9983
0.9981833333333333
0.9979833333333333
0.9982166666666666
0.9982666666666666
0.99825
0.9982
0.9984666666666666
0.9984166666666666
0.99855
0.9982666666666666
0.9983
0.9984833333333333
0.9985666666666667
0.9985666666666667
0.9986666666666667
0.9985
0.9986333333333334
0.9986333333333334
0.99865
0.9986
0.9987833333333334
0.9986333333333334
0.9986166666666667
0.9988333333333334
0.9986666666666667
0.9987666666666667
0.9986666666666667
0.9989
0.9988166666666667
0.9989333333333333
0.9989
0.9988833333333333
0.9989833333333333
0.99875
