0.11365
0.11236666666666667
0.11236666666666667
0.11236666666666667
0.11236666666666667
0.31235
0.5361166666666667
0.71295
0.7784666666666666
0.8042833333333334
0.821
0.8350166666666666
0.84745
0.8601666666666666
0.87265
0.8807833333333334
0.88805
0.89485
0.8992666666666667
0.9031166666666667
0.90815
0.9098666666666667
0.9127
0.9157166666666666
0.9182
0.9215
0.9234166666666667
0.9259666666666667
0.9281166666666667
0.9295
0.9326666666666666
0.9357833333333333
0.9368
0.9386166666666667
0.9398
0.9420166666666666
0.9439833333333333
0.9451333333333334
0.9471333333333334
0.9472666666666667
0.9492666666666667
0.9503666666666667
0.9518
0.9523833333333334
0.9535333333333333
0.9548333333333333
0.9562333333333334
0.9568166666666666
0.9573833333333334
0.9585666666666667
0.9594666666666667
0.9603333333333334
0.9611
0.9617166666666667
0.9627833333333333
0.9629166666666666
0.9638333333333333
0.9644
0.9647333333333333
0.9655166666666667
0.9659833333333333
0.96685
0.96765
0.9679833333333333
0.9678833333333333
0.9692
0.96965
0.9699666666666666
0.9706833333333333
0.9707666666666667
0.9715833333333334
0.9720333333333333
0.9724666666666667
0.973
0.97295
0.9740166666666666
0.9742166666666666
0.9746
0.9755833333333334
0.9753333333333334
0.9757166666666667
0.9763666666666667
0.9766333333333334
0.97655
0.9770333333333333
0.9773
0.9776166666666667
0.9783333333333334
0.97845
0.9787833333333333
0.9784833333333334
0.9789833333333333
0.9795333333333334
0.9795333333333334
0.9803833333333334
0.9804166666666667
0.98015
0.9804833333333334
0.9804166666666667
0.9810833333333333
0.9814666666666667
0.9821
0.98175
0.9819166666666667
0.9819833333333333
0.98285
0.9823333333333333
0.98285
0.9830333333333333
0.9837666666666667
0.98405
0.9838666666666667
0.98445
0.9841
0.9839333333333333
0.9850166666666667
0.9847
0.9848333333333333
0.9854166666666667
0.9854166666666667
0.9854833333333334
0.9861833333333333
0.9865333333333334
0.9861666666666666
0.9863666666666666
0.9859666666666667
0.9867333333333334
0.98645
0.9860666666666666
0.9871
0.9880333333333333
0.9878833333333333
0.9880833333333333
0.9880666666666666
0.9882666666666666
0.98765
0.98885
0.9888
0.98855
0.9892
0.9891833333333333
0.9894166666666667
0.9890666666666666
0.9895
0.9889
0.9896833333333334
0.9897333333333334
0.9898333333333333
0.9902333333333333
0.99
0.9898666666666667
0.99025
0.9902833333333333
0.99095
0.9908333333333333
0.9911666666666666
0.9913
0.9912666666666666
0.9916666666666667
0.9914333333333334
0.9917666666666667
0.9915833333333334
0.9921666666666666
0.9919
0.9925166666666667
0.9919833333333333
0.9923333333333333
0.9923
0.9921833333333333
0.99255
0.9923166666666666
0.9926833333333334
0.9925833333333334
0.9928333333333333
0.99305
0.9927833333333334
0.9933833333333333
0.9931833333333333
0.9933
0.99345
0.99365
0.9932333333333333
0.9941
0.99365
0.9939333333333333
0.9940833333333333
0.99385
0.9942666666666666
0.9944833333333334
0.9946333333333334
0.9946833333333334
0.9947
0.9943666666666666
0.9945833333333334
0.9947
0.9949
0.9952666666666666
0.9950166666666667
0.9950166666666667
0.9949666666666667
0.99475
0.9955666666666667
0.9954166666666666
0.9950833333333333
0.9954166666666666
0.9957833333333334
0.99565
0.9945833333333334
0.9957
0.9957166666666667
0.9952833333333333
0.9957333333333334
0.9954
0.9962166666666666
0.9961
0.9958666666666667
0.9962666666666666
0.9962
0.9960333333333333
0.9961833333333333
0.9965666666666667
0.99645
0.9965833333333334
0.9966666666666667
0.9968
0.9966833333333334
0.9964
0.9968166666666667
0.9968166666666667
0.9966166666666667
0.9971333333333333
0.99675
0.9972166666666666
0.9968666666666667
0.99725
0.9970333333333333
0.99715
0.9969833333333333
0.99725
0.9967666666666667
0.99765
0.9975833333333334
0.99725
0.9976
0.9976666666666667
0.9973333333333333
0.9972333333333333
0.99765
0.9977333333333334
0.99775
0.9978666666666667
0.9978166666666667
0.9977666666666667
0.9974833333333334
0.9979833333333333
0.9977666666666667
0.9979
0.9978833333333333
0.9978666666666667
0.9980666666666667
0.99805
0.9979333333333333
0.99815
0.9983
0.9981833333333333
0.9981166666666667
0.99805
0.9980666666666667
0.9983
0.9982666666666666
0.9985
0.9984166666666666
0.9983166666666666
0.9984
0.99845
0.9985
0.99855
0.9985666666666667
0.9987666666666667
0.9988
0.99855
0.9986166666666667
0.9986333333333334
0.9988
0.99885
0.9986833333333334
0.99865
0.9988833333333333
0.99875
0.99895
0.99895
0.9988833333333333
0.9990166666666667
0.99895
0.9989
0.99895
0.9989
0.99905
0.99915
0.9992166666666666
0.9991666666666666
