0.09915
0.11236666666666667
0.11236666666666667
0.11236666666666667
0.2185
0.3314
0.6609333333333334
0.7600166666666667
0.79255
0.8146166666666667
0.8326166666666667
0.8470166666666666
0.8611666666666666
0.8703
0.8782833333333333
0.8865333333333333
0.8921666666666667
0.8979333333333334
0.9027333333333334
0.9068333333333334
0.9092833333333333
0.9139166666666667
0.9170833333333334
0.9198166666666666
0.9233166666666667
0.92735
0.9290833333333334
0.9319833333333334
0.9333833333333333
0.9352333333333334
0.937
0.9397666666666666
0.9415166666666667
0.9426
0.9439166666666666
0.94595
0.9467
0.94885
0.9493833333333334
0.95045
0.9527666666666667
0.95365
0.9536666666666667
0.9550166666666666
0.9559833333333333
0.9572166666666667
0.9576
0.9586
0.9595333333333333
0.9596833333333333
0.9603333333333334
0.9618
0.9620333333333333
0.96275
0.96285
0.96345
0.9646333333333333
0.9649166666666666
0.96595
0.96705
0.96585
0.96745
0.9680833333333333
0.9686333333333333
0.96935
0.9698
0.9694166666666667
0.9708333333333333
0.9709
0.9711166666666666
0.972
0.97225
0.9730833333333333
0.9734666666666667
0.97305
0.9747
0.9744666666666667
0.97395
0.9750666666666666
0.9753833333333334
0.9759166666666667
0.9759333333333333
0.9765166666666667
0.9760833333333333
0.9771333333333333
0.9773833333333334
0.9774
0.9776333333333334
0.97755
0.9775
0.9784
0.9783333333333334
0.9789
0.9792833333333333
0.9797833333333333
0.9795666666666667
0.9796333333333334
0.9803333333333333
0.9799666666666667
0.98055
0.9797
0.9799833333333333
0.9809166666666667
0.9807666666666667
0.9814666666666667
0.9814666666666667
0.9810666666666666
0.9820166666666666
0.9824833333333334
0.9824333333333334
0.9825333333333334
0.9830166666666666
0.9830833333333333
0.9833833333333334
0.9832166666666666
0.9835833333333334
0.9834166666666667
0.9844
0.9841666666666666
0.9840833333333333
0.9841833333333333
0.9845166666666667
0.9850666666666666
0.9853333333333333
0.9852833333333333
0.98535
0.9859833333333333
0.9859333333333333
0.9858
0.9864166666666667
0.9857166666666667
0.9860333333333333
0.9871
0.98705
0.98735
0.9872166666666666
0.9872166666666666
0.9876666666666667
0.9877833333333333
0.9880333333333333
0.9873666666666666
0.9880333333333333
0.9883166666666666
0.9884
0.9884833333333334
0.98795
0.9891333333333333
0.9888166666666667
0.9892833333333333
0.9891
0.98975
0.98965
0.9895666666666667
0.9898166666666667
0.98975
0.99015
0.9904
0.9905666666666667
0.9908166666666667
0.9905333333333334
0.9909166666666667
0.9911833333333333
0.99125
0.9909833333333333
0.9910333333333333
0.9912166666666666
0.9910666666666667
0.9918
0.9920333333333333
0.9920666666666667
0.9920166666666667
0.9919166666666667
0.9921833333333333
0.9919833333333333
0.9927666666666667
0.9921833333333333
0.99185
0.99295
0.9929333333333333
0.99265
0.9931333333333333
0.99285
0.9934166666666666
0.9928
0.9926166666666667
0.9934
0.9933833333333333
0.9939333333333333
0.9939666666666667
0.99365
0.9943
0.9941166666666666
0.9935
0.99415
0.9941
0.9939666666666667
0.9942333333333333
0.9947166666666667
0.9945333333333334
0.9945833333333334
0.9945833333333334
0.99495
0.9943833333333333
0.9949833333333333
0.9949
0.99505
0.9945166666666667
0.9946666666666667
0.9953166666666666
0.9950833333333333
0.9953166666666666
0.9953
0.9954833333333334
0.9954833333333334
0.9951166666666666
0.9955
0.9957333333333334
0.9958666666666667
0.99585
0.9959
0.996
0.9960166666666667
0.9961
0.9962833333333333
0.9961
0.9958833333333333
0.9963333333333333
0.9965166666666667
0.9964666666666666
0.9967
0.9966166666666667
0.9967333333333334
0.99665
0.9966333333333334
0.99675
0.99645
0.9970333333333333
0.9971666666666666
0.9967166666666667
0.9970166666666667
0.9970833333333333
0.9972
0.9971833333333333
0.9972666666666666
0.99695
0.9973166666666666
0.9972
0.9975
0.9977
0.9974
0.9974833333333334
0.9975666666666667
0.9978333333333333
0.99765
0.9975333333333334
0.99775
0.9976166666666667
0.9977333333333334
0.9979666666666667
0.9976833333333334
0.9975833333333334
0.9979333333333333
0.9979166666666667
0.9979666666666667
0.9981166666666667
0.99825
0.9981333333333333
0.9980166666666667
0.99805
0.998
0.9980833333333333
0.9983166666666666
0.9983833333333333
0.9982
0.9982333333333333
0.9982666666666666
0.9983666666666666
0.9985166666666667
0.9985833333333334
0.9986166666666667
0.99865
0.9985666666666667
0.9984666666666666
0.9985833333333334
0.9987666666666667
0.99825
0.99875
0.9984333333333333
0.9988166666666667
0.9987833333333334
0.99875
0.9986333333333334
0.9987166666666667
0.9987833333333334
0.9987333333333334
0.99875
0.9987333333333334
0.9988333333333334
0.9986166666666667
0.9988833333333333
0.99895
