0.09915
0.11236666666666667
0.11236666666666667
0.11236666666666667
0.22396666666666668
0.5148333333333334
0.6460166666666667
0.7554333333333333
0.79625
0.8201166666666667
0.8348
0.8506333333333334
0.8643166666666666
0.8734666666666666
0.88045
0.8898333333333334
0.89265
0.8988666666666667
0.90435
0.90845
0.9118833333333334
0.9154666666666667
0.9185666666666666
0.9212333333333333
0.9254166666666667
0.9276
0.93105
0.9333
0.9349166666666666
0.9371
0.93915
0.9410166666666666
0.9428833333333333
0.9446833333333333
0.9474
0.9483833333333334
0.9497
0.9513166666666667
0.9520333333333333
0.9527166666666667
0.9545833333333333
0.9553166666666667
0.9571166666666666
0.9585666666666667
0.9589666666666666
0.9598666666666666
0.9608166666666667
0.9614
0.9628666666666666
0.9633
0.9635833333333333
0.964
0.96545
0.9661833333333333
0.9663
0.9675
0.9674
0.96815
0.96915
0.9694666666666667
0.9704666666666667
0.9708833333333333
0.9711666666666666
0.9716
0.97205
0.9723
0.9734833333333334
0.973
0.97435
0.9746166666666667
0.9748833333333333
0.9750166666666666
0.97585
0.97575
0.9763833333333334
0.9768
0.9764333333333334
0.9769333333333333
0.9772333333333333
0.9782
0.9787833333333333
0.9788833333333333
0.97905
0.9791166666666666
0.9790666666666666
0.9802166666666666
0.9800166666666666
0.9801666666666666
0.9808333333333333
0.9805166666666667
0.9805333333333334
0.9816166666666667
0.9815166666666667
0.9818166666666667
0.9824666666666667
0.9827
0.9827
0.9830666666666666
0.9828
0.9836166666666667
0.9841833333333333
0.9835333333333334
0.9839333333333333
0.9848833333333333
0.98425
0.9846833333333334
0.9849666666666667
0.9851333333333333
0.9847833333333333
0.9856666666666667
0.9850833333333333
0.98595
0.9858333333333333
0.9861666666666666
0.98645
0.98675
0.98675
0.9868
0.9872333333333333
0.9875166666666667
0.9867166666666667
0.9876833333333334
0.9879666666666667
0.9882166666666666
0.9883
0.9888166666666667
0.9885
0.9887666666666667
0.9889
0.98905
0.989
0.98885
0.98925
0.9895166666666667
0.98945
0.98925
0.9899
0.99
0.99045
0.9903166666666666
0.9904666666666667
0.99105
0.99095
0.99115
0.9911333333333333
0.9908666666666667
0.9913333333333333
0.9915166666666667
0.9919
0.99195
0.9918
0.9922166666666666
0.99195
0.9919833333333333
0.9925833333333334
0.9928
0.9925666666666667
0.99225
0.9928333333333333
0.9927333333333334
0.9928
0.99335
0.9936166666666667
0.9936
0.9932333333333333
0.9934666666666667
0.9935333333333334
0.9931166666666666
0.9936666666666667
0.9941666666666666
0.9939666666666667
0.9937833333333334
0.9938833333333333
0.99405
0.9937333333333334
0.99405
0.994
0.9947
0.9947166666666667
0.9944
0.9941666666666666
0.9945833333333334
0.99445
0.9949333333333333
0.9950333333333333
0.9951333333333333
0.9954166666666666
0.9951333333333333
0.99515
0.9953
0.9953833333333333
0.9951166666666666
0.9955333333333334
0.9957333333333334
0.9953666666666666
0.9958666666666667
0.99595
0.99585
0.9961333333333333
0.9960166666666667
0.9956333333333334
0.9961833333333333
0.99645
0.9963333333333333
0.99645
0.9965
0.9964666666666666
0.9966333333333334
0.9966333333333334
0.9966833333333334
0.9967333333333334
0.9969
0.9968666666666667
0.99675
0.9970833333333333
0.99695
0.9971666666666666
0.9972833333333333
0.9971333333333333
0.9973333333333333
0.9973166666666666
0.9974833333333334
0.9973666666666666
0.9974666666666666
0.9976333333333334
0.9976
0.9975666666666667
0.99755
0.9977
0.9976666666666667
0.9974833333333334
0.99755
0.99775
0.9979166666666667
0.9979666666666667
0.99775
0.9979
0.99795
0.9982
0.99795
0.9979833333333333
0.9976
0.9981833333333333
0.9978833333333333
0.99815
0.99825
0.9983
0.99815
0.9984166666666666
0.99835
0.9983833333333333
0.9985666666666667
0.9985
0.9985
0.9983833333333333
0.9983666666666666
0.9983833333333333
0.9984333333333333
0.99865
0.9986666666666667
0.9988
0.9988
0.9987166666666667
0.9987666666666667
0.9988
0.9988666666666667
0.9989166666666667
0.9988666666666667
0.99865
0.9989166666666667
0.9987666666666667
0.9989833333333333
0.9988666666666667
0.99885
0.9990166666666667
0.9990666666666667
0.99905
0.9990833333333333
0.9991
0.9989666666666667
0.9991333333333333
0.9991333333333333
0.9991166666666667
0.9991333333333333
0.99925
0.99915
0.9992833333333333
0.99925
0.99915
0.9991333333333333
0.9993166666666666
0.9991833333333333
0.99925
0.9993666666666666
0.9994
0.9994666666666666
0.99935
0.9994166666666666
0.99945
0.99945
0.9993666666666666
