0.09915
0.11236666666666667
0.11236666666666667
0.11236666666666667
0.27321666666666666
0.4236
0.62535
0.7492
0.7974
0.82035
0.83625
0.8497166666666667
0.8611
0.87095
0.8787333333333334
0.88675
0.8931666666666667
0.8989666666666667
0.9036
0.90645
0.9114666666666666
0.91415
0.91735
0.9203666666666667
0.9222833333333333
0.9261166666666667
0.9283166666666667
0.9309333333333333
0.9338166666666666
0.9357
0.9376166666666667
0.9401
0.9419166666666666
0.9430166666666666
0.9443833333333334
0.9461166666666667
0.9479166666666666
0.949
0.95105
0.95215
0.9529
0.9548666666666666
0.9551166666666666
0.95645
0.9582
0.9589166666666666
0.95965
0.96005
0.9606166666666667
0.9617666666666667
0.9621333333333333
0.9628333333333333
0.9635833333333333
0.9641833333333333
0.9645
0.96495
0.9659666666666666
0.96675
0.9666666666666667
0.9677
0.9677833333333333
0.9689666666666666
0.96835
0.9697666666666667
0.9698833333333333
0.9706333333333333
0.9714166666666667
0.9711333333333333
0.9715166666666667
0.9716166666666667
0.9725
0.97345
0.9739666666666666
0.9738166666666667
0.9740666666666666
0.97465
0.9741
0.9753
0.97575
0.9761333333333333
0.97625
0.9768833333333333
0.9765333333333334
0.9773666666666667
0.9766666666666667
0.9774166666666667
0.97805
0.9776166666666667
0.9779333333333333
0.9786166666666667
0.9793333333333333
0.97965
0.9798833333333333
0.9795333333333334
0.98055
0.9807333333333333
0.9805666666666667
0.9812
0.9813
0.98165
0.9819666666666667
0.9821
0.9826166666666667
0.98215
0.9825
0.9824833333333334
0.9833
0.9834
0.9839666666666667
0.9840666666666666
0.9841
0.9846666666666667
0.9846833333333334
0.98375
0.9851333333333333
0.9854666666666667
0.9847166666666667
0.9852666666666666
0.9853333333333333
0.9849666666666667
0.9855333333333334
0.9858666666666667
0.98605
0.9865666666666667
0.9870166666666667
0.9864166666666667
0.9870333333333333
0.9864833333333334
0.9873666666666666
0.98745
0.9875
0.98755
0.9866666666666667
0.9879
0.98775
0.98795
0.9886833333333334
0.9880666666666666
0.9886
0.9883833333333333
0.98885
0.9890833333333333
0.9890166666666667
0.9895666666666667
0.9897166666666667
0.9895666666666667
0.9898166666666667
0.9898333333333333
0.9902666666666666
0.99025
0.99025
0.9905
0.99055
0.9905166666666667
0.9905666666666667
0.991
0.9906
0.9913333333333333
0.9914666666666667
0.99125
0.9913833333333333
0.99155
0.9920333333333333
0.9914666666666667
0.992
0.9921166666666666
0.9917
0.9919833333333333
0.9917
0.9919833333333333
0.99235
0.99245
0.992
0.99275
0.9927166666666667
0.99315
0.9927166666666667
0.9928166666666667
0.9933333333333333
0.9929
0.9923166666666666
0.99365
0.99335
0.9935166666666667
0.9937
0.9938833333333333
0.9941
0.9939333333333333
0.9930166666666667
0.9942666666666666
0.9941666666666666
0.99395
0.9945
0.99445
0.9943333333333333
0.9944
0.9944666666666667
0.9946666666666667
0.9945
0.9949
0.9947333333333334
0.99505
0.9948
0.9953166666666666
0.9949
0.99535
0.995
0.9955
0.9955333333333334
0.9952666666666666
0.99575
0.9958833333333333
0.9957333333333334
0.9957833333333334
0.9958666666666667
0.9956333333333334
0.9959333333333333
0.99615
0.99625
0.996
0.9961166666666667
0.99595
0.9957166666666667
0.99625
0.9964166666666666
0.9965666666666667
0.9966666666666667
0.9969333333333333
0.997
0.9965333333333334
0.9969333333333333
0.9967666666666667
0.99685
0.9968
0.9972833333333333
0.99725
0.9969166666666667
0.9971333333333333
0.99705
0.9974833333333334
0.9972166666666666
0.99735
0.9973833333333333
0.9969166666666667
0.9975333333333334
0.9975333333333334
0.9975666666666667
0.9976166666666667
0.9974
0.9977
0.9978166666666667
0.9978666666666667
0.9977166666666667
0.9978666666666667
0.99775
0.9978166666666667
0.9977333333333334
0.9980333333333333
0.9979833333333333
0.9981166666666667
0.9978333333333333
0.99825
0.9981666666666666
0.99805
0.9981333333333333
0.9982833333333333
0.9982
0.9983833333333333
0.9982666666666666
0.9983833333333333
0.9983
0.9981666666666666
0.9983833333333333
0.9986166666666667
0.99855
0.9983333333333333
0.99855
0.9985666666666667
0.9986833333333334
0.9985666666666667
0.9986833333333334
0.9986666666666667
0.9986333333333334
0.9987833333333334
0.9986833333333334
0.9987833333333334
0.9988833333333333
0.999
0.9989
0.9988333333333334
0.9987
0.9988666666666667
0.9986833333333334
0.9988666666666667
0.9989
0.9990166666666667
0.9990166666666667
0.9990166666666667
0.99895
0.9989
0.99885
