0.10646666666666667
0.11236666666666667
0.11236666666666667
0.11236666666666667
0.11256666666666666
0.20698333333333332
0.33545
0.5638666666666666
0.6909333333333333
0.76395
0.7939
0.8140833333333334
0.8328833333333333
0.8497
0.8666666666666667
0.87715
0.8819333333333333
0.8873333333333333
0.8938166666666667
0.8972333333333333
0.9014166666666666
0.9055666666666666
0.90885
0.9126333333333333
0.9167833333333333
0.9185833333333333
0.9215833333333333
0.9243333333333333
0.9257666666666666
0.9292
0.9313166666666667
0.9346333333333333
0.9350333333333334
0.9376
0.9394333333333333
0.9410833333333334
0.94255
0.9439
0.94625
0.9464666666666667
0.9474166666666667
0.9487166666666667
0.9498333333333333
0.9506166666666667
0.9510666666666666
0.9517666666666666
0.9541333333333334
0.9546666666666667
0.9552666666666667
0.9563166666666667
0.9577333333333333
0.9577
0.9583333333333334
0.9590166666666666
0.9598166666666667
0.96085
0.9614666666666667
0.9616166666666667
0.9625333333333334
0.9622
0.9633666666666667
0.96425
0.96475
0.9637333333333333
0.9651
0.96595
0.9665166666666667
0.9675
0.9674166666666667
0.9674
0.9682
0.9686
0.96945
0.97
0.9701833333333333
0.9686
0.9704166666666667
0.9718333333333333
0.97135
0.9715166666666667
0.9713333333333334
0.9726833333333333
0.9731833333333333
0.9728166666666667
0.97305
0.9739166666666667
0.9744666666666667
0.9739333333333333
0.9742333333333333
0.976
0.9747833333333333
0.9760666666666666
0.9761833333333333
0.9764833333333334
0.97695
0.9770833333333333
0.9774333333333334
0.9778
0.97725
0.9773666666666667
0.9777
0.9786833333333333
0.9792833333333333
0.9796833333333334
0.9790166666666666
0.97975
0.97935
0.9793
0.9795666666666667
0.9806833333333334
0.9807166666666667
0.9811333333333333
0.9817833333333333
0.9804166666666667
0.98205
0.9824333333333334
0.9824833333333334
0.98235
0.9828333333333333
0.9830666666666666
0.98275
0.9831
0.9834333333333334
0.9833333333333333
0.9833333333333333
0.9835
0.9845333333333334
0.9843166666666666
0.9842
0.9844833333333334
0.9848166666666667
0.9857
0.98515
0.9853833333333334
0.98545
0.9861833333333333
0.9863833333333333
0.9864
0.9865333333333334
0.9868333333333333
0.9868666666666667
0.9868666666666667
0.9871666666666666
0.9873833333333333
0.9874833333333334
0.9878
0.9870166666666667
0.98775
0.9885
0.9883333333333333
0.9884166666666667
0.9878833333333333
0.9886166666666667
0.9887833333333333
0.98935
0.9888666666666667
0.9890666666666666
0.9890166666666667
0.9891
0.9892666666666666
0.9898833333333333
0.99005
0.9903
0.9903
0.98965
0.99025
0.9902
0.99015
0.9902333333333333
0.9906166666666667
0.9910333333333333
0.9912166666666666
0.99115
0.99105
0.9910833333333333
0.9914333333333334
0.9911333333333333
0.9915333333333334
0.9916666666666667
0.9916666666666667
0.99215
0.9924
0.9919333333333333
0.9922666666666666
0.99225
0.9925333333333334
0.99195
0.9930166666666667
0.99285
0.99295
0.9930833333333333
0.9928666666666667
0.9930666666666667
0.9935
0.9925666666666667
0.9935333333333334
0.99315
0.9937833333333334
0.99355
0.9941166666666666
0.9937666666666667
0.9943666666666666
0.9941166666666666
0.9937333333333334
0.9936166666666667
0.99405
0.9941666666666666
0.9943
0.9946666666666667
0.9947666666666667
0.9938
0.9950833333333333
0.9948
0.9948166666666667
0.99465
0.9952833333333333
0.99485
0.9953333333333333
0.9951333333333333
0.9953333333333333
0.9955
0.9953833333333333
0.9955666666666667
0.9957666666666667
0.9957166666666667
0.996
0.9960166666666667
0.99555
0.9958833333333333
0.9959166666666667
0.99575
0.9956333333333334
0.9961666666666666
0.996
0.9963333333333333
0.9962166666666666
0.9965333333333334
0.99625
0.9964833333333334
0.9964
0.9965
0.9968333333333333
0.9966333333333334
0.99675
0.9967833333333334
0.9965166666666667
0.99675
0.9965666666666667
0.9971166666666667
0.9968833333333333
0.9973166666666666
0.99725
0.9969
0.9971
0.99715
0.9971333333333333
0.9970166666666667
0.9973833333333333
0.99725
0.9974
0.9976333333333334
0.9973666666666666
0.99745
0.9969833333333333
0.9977166666666667
0.9976166666666667
0.9977166666666667
0.9976333333333334
0.9978
0.9978
0.9972666666666666
0.9977666666666667
0.9979
0.99815
0.9977833333333334
0.9980666666666667
0.99805
0.9981333333333333
0.9978833333333333
0.99815
0.99835
0.9985166666666667
0.9983833333333333
0.9983166666666666
0.9983
0.9983166666666666
0.9984333333333333
0.9983
0.99825
0.9985166666666667
0.99835
0.9985833333333334
0.99865
0.9985666666666667
0.9985333333333334
0.9986166666666667
0.9986
0.9987333333333334
0.9986
0.9988333333333334
0.99885
